DeJong on 5 dimensions: 
0
0
0
0
0
0
0
0
0
0
0
0
0
0
0
Average: 0
Correct: 0
DeJong on 10 dimensions: 
0
0
0
0
0
0
0
0
0
0
0
0
0
0
0
Average: 0
Correct: 0
DeJong on 30 dimensions: 
0
0
0.0001
0.0001
0.0001
0.0001
0.0001
0.0001
0
0
0.0001
0
0.0001
0.0001
0.0001
Average: 6.66666666666667E-05
Correct: 0
It took 00:00:26.0063379 for these.
Schwefel on 5 dimensions: 
-2094.9144
-2094.9144
-2094.9144
-2094.9144
-2094.9144
-2094.9144
-2094.9144
-2094.913
-2094.9144
-2094.9144
-2094.9144
-2094.9144
-2094.9144
-2094.9144
-2094.9144
Average: -2094.91430666667
Correct: -2094.9095
Schwefel on 10 dimensions: 
-4189.8275
-4189.826
-4189.8274
-4189.8275
-4189.8288
-4189.8288
-4189.8275
-4189.8288
-4189.8289
-4189.8289
-4189.8289
-4189.8275
-4189.8289
-4189.8289
-4189.8288
Average: -4189.82820666667
Correct: -4189.819
Schwefel on 30 dimensions: 
-12569.482
-12569.3751
-12569.4808
-12569.2615
-12569.4835
-12566.1995
-12569.3685
-12569.4819
-12569.3741
-12567.9929
-12569.2629
-12569.3754
-12569.4808
-12569.371
-12569.485
Average: -12569.0983266667
Correct: -12569.457
It took 00:11:03.0233066 for these.
Six Hump on 2 dimensions(max): 
-1.0316
-1.0316
-1.0316
-1.0316
-1.0316
-1.0316
-1.0316
-1.0316
-1.0316
-1.0316
-1.0316
-1.0316
-1.0316
-1.0316
-1.0316
Average: -1.0316
Correct: -1.0316
It took 00:00:04.5163678 for these.
Rastrigin on 5 dimensions: 
0.0008
0.0006
0.0014
0.0006
0.0008
0.0008
0.0004
0.0006
0.0006
0.0006
0.0004
0.0022
0.0006
0.001
0.0006
Average: 0.0008
Correct: 0
Rastrigin on 10 dimensions: 
0.0012
0.0032
0.0018
0.0024
0.0034
0.0016
0.0016
0.0016
0.0016
0.0014
0.003
0.0014
0.0018
0.003
0.0012
Average: 0.00201333333333333
Correct: 0
Rastrigin on 30 dimensions: 
1.9996
1.9969
0.0089
0.0079
1.0096
3.0004
1.0021
1.9986
2.9933
1.0062
1.9961
1.0019
0.0077
0.0129
0.0099
Average: 1.20346666666667
Correct: 0
